0 1
2 5746865
3 265756d
4 706c75
5 320736e
6 1726b73
7 697320
8 1207265
9 16c6c79
10 636f6f
11 c206964
12 5612e20
13 656f70
14 c652063
15 16e206c
16 5766572
17 1676520
18 468656d
19 746f20
20 1636869
21 5766520
22 6616e74
23 1737469
24 3207072
25 f647563
26 4732e20
27 16d617a
28 96e672e
29 e2e2053
30 46f7279
31 697320
32 a757374
33 737461
34 2746564
35 0
36 0
37 0
38 0
39 0
40 0
41 0
42 0
43 0
44 0
45 0
46 0
47 0
48 0
49 0
50 0
51 0
52 0
53 0
54 0
55 0
56 0
57 0
58 b20b460
59 b1ad573
60 b2c7239
61 b26934c
62 b0938ac
63 b0359bf
64 b14f686
65 b0f1799
